OA 0.9382520967545885 AA 0.8961630352761117 kappa 0.9286564975522187
[1.         0.88404669 0.93369176 0.92488263 0.96774194 0.9847793
 0.8        1.         0.27777778 0.88205128 0.97781802 0.84803002
 0.94021739 0.984375   0.94524496 0.98795181]

OA 0.92159961103683 AA 0.8477142606240663 kappa 0.909420616716789
[0.90243902 0.92529183 0.890681   0.88262911 0.94930876 0.97412481
 0.52       0.99358974 0.22222222 0.88076923 0.95291987 0.79924953
 0.97826087 0.99005682 0.79827089 0.90361446]

OA 0.9448158502491796 AA 0.8969473828020298 kappa 0.9363700330235252
[0.95121951 0.93696498 0.95519713 0.83098592 0.97465438 0.98325723
 0.96       0.96794872 0.11111111 0.92435897 0.95246718 0.88180113
 0.99456522 0.95596591 0.98270893 0.98795181]

OA 0.9151574085328795 AA 0.8901948388646932 kappa 0.9019909683038627
[0.70731707 0.91595331 0.7688172  0.74647887 0.97235023 0.99695586
 0.96       0.96794872 0.72222222 0.8974359  0.92168402 0.85928705
 0.99456522 0.97869318 0.95389049 0.87951807]

OA 0.9350917709979336 AA 0.8908203021941877 kappa 0.9248566026217159
[0.85365854 0.89727626 0.82616487 0.92957746 0.97695853 0.99847793
 0.92       1.         0.33333333 0.89487179 0.96921684 0.89868668
 0.97826087 0.96732955 0.95389049 0.85542169]

OA 0.9369150358575422 AA 0.8840792019931765 kappa 0.9270755418947243
[0.80487805 0.9385214  0.87275986 0.89201878 0.92165899 0.97564688
 0.8        0.91666667 0.5        0.92948718 0.9578995  0.86679174
 0.99456522 0.98863636 0.94236311 0.84337349]

OA 0.9470037680807099 AA 0.9001429915769925 kappa 0.9387901302981784
[0.85365854 0.92529183 0.89247312 0.99061033 0.91474654 0.99543379
 0.52       0.98717949 0.66666667 0.92307692 0.96921684 0.91557223
 0.98913043 0.98863636 0.93083573 0.93975904]

OA 0.9295004254284672 AA 0.866970914443838 kappa 0.918551504968021
[0.73170732 0.92217899 0.87634409 0.90610329 0.97926267 0.98021309
 0.52       0.99358974 0.44444444 0.85384615 0.94024445 0.9249531
 0.95652174 0.96732955 0.97118156 0.90361446]

OA 0.9471253190713504 AA 0.9076641124550402 kappa 0.9389340201877117
[0.80487805 0.92451362 0.9390681  0.82629108 0.96774194 0.9847793
 0.84       1.         0.55555556 0.92564103 0.96378452 0.90806754
 1.         0.99573864 0.91066282 0.97590361]

OA 0.9246383858028443 AA 0.8685394825326047 kappa 0.9131276204295897
[0.87804878 0.90972763 0.8781362  0.84507042 0.96313364 0.99847793
 0.52       0.87179487 0.44444444 0.90769231 0.93254866 0.89305816
 1.         0.96164773 0.90489914 0.98795181]

