OA 0.9285280175033427 AA 0.8345893569342645 kappa 0.9174358920442862
[0.63414634 0.8536965  0.94265233 0.88262911 0.97235023 0.98782344
 0.32       0.99358974 0.22222222 0.89487179 0.96650068 0.89305816
 0.95108696 0.97869318 0.8962536  0.96385542]

OA 0.9095660629634131 AA 0.8312954316765653 kappa 0.8956204037008044
[0.87804878 0.91439689 0.87096774 0.88732394 0.9124424  0.96499239
 0.4        0.99358974 0.16666667 0.88461538 0.9302852  0.76360225
 0.98369565 0.99005682 0.8443804  0.91566265]

OA 0.9264616506624529 AA 0.8918730996482198 kappa 0.9152661425051972
[0.85365854 0.94474708 0.93727599 0.82159624 0.97465438 0.98173516
 0.96       0.95512821 0.33333333 0.88205128 0.91353554 0.85553471
 0.96195652 0.96732955 0.93948127 0.98795181]

OA 0.879664519265832 AA 0.821662779929815 kappa 0.8608651899404298
[0.70731707 0.90350195 0.67562724 0.54460094 0.97004608 0.99543379
 0.56       0.97435897 0.55555556 0.86153846 0.89316433 0.7804878
 0.93478261 0.98011364 0.870317   0.93975904]

OA 0.929014221465905 AA 0.8810475124363859 kappa 0.9179803243310309
[0.82926829 0.91128405 0.85663082 0.93896714 0.98387097 1.
 0.88       0.93589744 0.27777778 0.88333333 0.94884563 0.89305816
 0.9673913  0.96306818 0.88760807 0.93975904]

OA 0.910173817916616 AA 0.8179725671595255 kappa 0.8961121839881491
[0.3902439  0.93696498 0.90681004 0.76056338 0.92626728 0.9695586
 0.56       0.89102564 0.5        0.89102564 0.93300136 0.73358349
 0.95108696 0.98863636 0.89337176 0.85542169]

OA 0.9236659778777198 AA 0.8726792565340553 kappa 0.9118819712518494
[0.73170732 0.91050584 0.88172043 0.90140845 0.9124424  0.98782344
 0.6        0.99358974 0.55555556 0.89230769 0.94477139 0.83489681
 0.99456522 0.96590909 0.92795389 0.92771084]

OA 0.9124832867387869 AA 0.8259367196716279 kappa 0.8989281428721949
[0.80487805 0.91828794 0.79569892 0.85915493 0.94930876 0.96803653
 0.16       0.97435897 0.33333333 0.88333333 0.92440018 0.86866792
 0.93478261 0.96306818 0.9740634  0.90361446]

OA 0.9374012398201045 AA 0.8888251446767688 kappa 0.9277402017643861
[0.75609756 0.93618677 0.93548387 0.88262911 0.94470046 0.99086758
 0.64       1.         0.55555556 0.88205128 0.94296062 0.89305816
 1.         0.99573864 0.90201729 0.96385542]

OA 0.9194116932052996 AA 0.8519291505890084 kappa 0.9069404513516093
[0.92682927 0.9151751  0.78673835 0.85446009 0.94930876 1.
 0.4        0.90384615 0.38888889 0.8974359  0.94114984 0.92120075
 0.98369565 0.96306818 0.84726225 0.95180723]


