OA 0.8645921964264008 AA 0.8098890888777217 kappa 0.8436936009286753
[0.3902439  0.71206226 0.90322581 0.62910798 0.95391705 0.98173516
 1.         1.         0.16666667 0.84102564 0.9017655  0.73545966
 0.95108696 0.97869318 0.93371758 0.87951807]

OA 0.7942141728455087 AA 0.7211368543848705 kappa 0.7625679718812295
[0.48780488 0.78210117 0.66129032 0.66666667 0.71198157 0.96347032
 0.48       0.98717949 0.11111111 0.72692308 0.82254414 0.59099437
 0.94565217 0.96590909 0.75504323 0.87951807]

OA 0.8265467363559013 AA 0.812927252090742 kappa 0.800526528195219
[0.63414634 0.73774319 0.84050179 0.63380282 0.9124424  0.93607306
 0.92       0.98076923 0.33333333 0.77051282 0.82073336 0.68855535
 0.94021739 0.94602273 0.9481268  0.96385542]

OA 0.8492767716056886 AA 0.8164904935616968 kappa 0.825515166561378
[0.51219512 0.77743191 0.89784946 0.81220657 0.94700461 0.97716895
 0.8        0.97435897 0.55555556 0.68974359 0.93254866 0.45966229
 0.99456522 0.90198864 0.92795389 0.90361446]

OA 0.8098942506381427 AA 0.7277435993151432 kappa 0.7791237575116127
[0.02439024 0.7618677  0.55197133 0.88262911 0.81105991 0.98782344
 0.64       0.91025641 0.33333333 0.59615385 0.9230421  0.68855535
 0.92391304 0.88920455 0.80403458 0.91566265]

OA 0.8349337547101009 AA 0.7364532702257107 kappa 0.8092747813796801
[0.26829268 0.77431907 0.76702509 0.84037559 0.91013825 0.88888889
 0.48       0.94230769 0.27777778 0.89102564 0.84110457 0.66604128
 0.79891304 0.99573864 0.89913545 0.54216867]

OA 0.8537741582593898 AA 0.7686887416599375 kappa 0.8316388455694135
[0.2195122  0.70583658 0.90501792 0.4741784  0.91474654 0.96042618
 0.6        1.         0.22222222 0.91538462 0.88320507 0.77485929
 0.94565217 0.92755682 0.91066282 0.93975904]

OA 0.8287346541874316 AA 0.7043346483166458 kappa 0.8027779792030033
[0.26829268 0.77120623 0.72222222 0.33333333 0.9124424  0.96803653
 0.12       0.98076923 0.11111111 0.82948718 0.84291535 0.75422139
 0.91847826 0.95738636 0.9481268  0.8313253 ]

OA 0.8624042785948706 AA 0.7538712917140691 kappa 0.8414320716069856
[0.24390244 0.77198444 0.82078853 0.87323944 0.9562212  0.89802131
 0.28       0.99358974 0.11111111 0.9025641  0.87867813 0.77673546
 0.95652174 0.97159091 0.85590778 0.77108434]

OA 0.8162149021514525 AA 0.6975664926734167 kappa 0.7882965625998803
[0.17073171 0.71050584 0.69892473 0.36619718 0.94009217 0.97869102
 0.12       0.8974359  0.16666667 0.81410256 0.84200996 0.79549719
 0.85869565 0.93039773 0.91930836 0.95180723]

