OA 0.9471253190713504 AA 0.8898136152398586 kappa 0.93896890413784
[0.95121951 0.88326848 0.97132616 0.92488263 0.97465438 0.99847793
 0.68       0.99358974 0.27777778 0.90769231 0.97057492 0.90806754
 1.         0.98721591 0.97694524 0.8313253] # 0

OA 0.9267047526437341 AA 0.8604220034255716 kappa 0.9155854461598258
[0.97560976 0.92529183 0.93548387 0.92018779 0.95852535 0.97564688
 0.36       1.         0.38888889 0.91538462 0.93435944 0.81238274
 0.98369565 0.984375   0.84149856 0.85542169] # 2

OA 0.9444511972772578 AA 0.9324225610562608 kappa 0.9358988857481141
[0.97560976 0.90661479 0.94086022 0.79812207 0.98156682 0.97260274
 1.         0.98717949 0.66666667 0.92820513 0.96559529 0.88930582
 0.97282609 0.97159091 0.9740634  0.98795181] # 3

OA 0.9202625501397836 AA 0.8887903592399 kappa 0.9075327797956875
[0.90243902 0.92373541 0.96415771 0.89201878 0.98617512 1.
 0.96       1.         0.38888889 0.73461538 0.98641919 0.72420263
 0.99456522 0.86505682 0.98270893 0.91566265] # 4

OA 0.9422632794457275 AA 0.8855150064705712 kappa 0.9332316203304742
[0.70731707 0.94708171 0.89426523 0.98122066 0.96774194 0.99695586
 0.92       1.         0.38888889 0.87435897 0.97283839 0.89305816
 0.96195652 0.93181818 0.95965418 0.77108434] # 5

OA 0.9378874437826669 AA 0.8924193251259748 kappa 0.9282594992963402
[0.90243902 0.92373541 0.93369176 0.90610329 0.87327189 0.97869102
 0.84       0.94871795 0.5        0.9525641  0.94658216 0.88930582
 0.94021739 0.99431818 0.95389049 0.79518072] # 7

OA 0.9553907864349095 AA 0.8996530103693637 kappa 0.9484655863093545
[0.87804878 0.89805447 0.90501792 0.92018779 0.91935484 0.99391172
 0.68       0.99358974 0.44444444 0.97179487 0.97736532 0.99061914
 0.98913043 0.99715909 0.96829971 0.86746988] # 9

OA 0.9359426279324177 AA 0.879476741133214 kappa 0.9259597949826159
[0.75609756 0.93696498 0.90681004 0.81220657 0.96313364 0.97564688
 0.88       0.97435897 0.33333333 0.86538462 0.95156179 0.92307692
 0.97282609 0.97869318 0.9740634  0.86746988] # 11

OA 0.9445727482678984 AA 0.9068475041978448 kappa 0.9360003046181276
[0.85365854 0.9229572  0.94444444 0.85915493 0.96313364 0.99086758
 0.8        1.         0.61111111 0.91025641 0.95201449 0.93433396
 1.         0.99289773 0.91930836 0.85542169] # 12

OA 0.9257323447186094 AA 0.891290245788748 kappa 0.914431822930777
[0.82926829 0.89571984 0.89605735 0.76525822 0.97235023 0.99695586
 0.92       0.91025641 0.5        0.93076923 0.93300136 0.91557223
 0.99456522 0.93892045 0.9221902  0.93975904] # 14
