OA 0.8716421538835541 AA 0.8435552446885632 kappa 0.8516980470778033
[0.75609756 0.71673152 0.95340502 0.7370892  0.95391705 0.97716895
 0.96       1.         0.22222222 0.81794872 0.90946129 0.70731707
 0.98913043 0.96875    0.9481268  0.87951807]

OA 0.8193752279081075 AA 0.7649216794569451 kappa 0.7923587554877201
[0.53658537 0.79844358 0.65053763 0.83568075 0.859447   0.95738204
 0.56       1.         0.22222222 0.79871795 0.82797646 0.6641651
 0.96195652 0.95596591 0.70605187 0.90361446]

OA 0.8395526923544427 AA 0.8238237905092582 kappa 0.8153398873862453
[0.46341463 0.77898833 0.86917563 0.70892019 0.94930876 0.9391172
 0.96       0.98717949 0.44444444 0.73846154 0.83023993 0.69606004
 0.94021739 0.95738636 0.94236311 0.97590361]

OA 0.8439285280175033 AA 0.8200707541262667 kappa 0.8192848358980389
[0.58536585 0.74007782 0.94623656 0.86384977 0.93087558 0.9847793
 0.72       0.99358974 0.55555556 0.68589744 0.92213671 0.46341463
 0.98369565 0.86221591 0.97982709 0.90361446]

OA 0.8239941655524492 AA 0.7539806660608976 kappa 0.7958523011201419
[0.12195122 0.83190661 0.64516129 0.94366197 0.76267281 0.99391172
 0.8        0.92948718 0.27777778 0.61538462 0.91127207 0.6641651
 0.94565217 0.83522727 0.88184438 0.90361446]

OA 0.860581013735262 AA 0.7615168888284074 kappa 0.8389094445631844
[0.36585366 0.81245136 0.82258065 0.87323944 0.89861751 0.93759513
 0.6        0.96794872 0.22222222 0.91410256 0.86871888 0.70919325
 0.73913043 0.98721591 0.89913545 0.56626506]

OA 0.8741947246870062 AA 0.8077370146346754 kappa 0.8550164808930238
[0.3902439  0.71206226 0.91935484 0.657277   0.91705069 0.97108067
 0.64       1.         0.27777778 0.92564103 0.88999547 0.84427767
 0.97282609 0.96022727 0.94236311 0.90361446]

OA 0.8373647745229124 AA 0.7356969371356512 kappa 0.8125521909887331
[0.14634146 0.79610895 0.80107527 0.50704225 0.91935484 0.95129376
 0.4        1.         0.33333333 0.76153846 0.86645541 0.69606004
 0.89673913 0.96875    0.90778098 0.81927711]

OA 0.8669016652485718 AA 0.7673023569716038 kappa 0.8465853057797523
[0.34146341 0.78910506 0.87275986 0.86384977 0.94930876 0.93455099
 0.48       0.97435897 0.05555556 0.88846154 0.8673608  0.76360225
 0.98369565 0.96590909 0.8962536  0.65060241]

OA 0.8346906527288197 AA 0.7443725453029746 kappa 0.80974941250223
[0.09756098 0.74785992 0.66487455 0.62441315 0.94700461 0.97716895
 0.48       0.91666667 0.22222222 0.82564103 0.85830693 0.82363977
 0.94565217 0.89630682 0.93083573 0.95180723]

