OA 0.9719461929258395 AA 0.9725662515758356 kappa 0.9683900061211338
[1.         0.99843603 0.98831386 0.99362041 0.99751037 1.
 1.         0.96640715 0.99949673 0.97550354 0.92249527 1.
 1.         0.95454545 0.79216495]

OA 0.9729047512541138 AA 0.9641631239698724 kappa 0.9694995801135879
[0.98309859 0.99562089 0.97829716 1.         0.99502075 1.
 0.99892704 0.96006344 0.99899346 0.98530212 0.8241966  1.
 0.91522158 0.96296296 0.86474227]

OA 0.9798383231619644 AA 0.980476116365631 kappa 0.9773299140856578
[0.98169014 0.99906162 0.99165275 0.99601276 0.99834025 1.
 1.         0.95602653 0.99949673 0.97332608 0.93761815 0.99805258
 0.98458574 0.96632997 0.92494845]

OA 0.9452024155669873 AA 0.9336318701803393 kappa 0.9378883177475728
[0.98732394 0.99968721 0.94824708 0.99681021 0.99917012 1.
 0.99946352 0.99192618 0.99924509 1.         0.74669187 1.
 0.9672447  0.95959596 0.40907216]

OA 0.9709876345975652 AA 0.9750690192931158 kappa 0.9673216894693798
[0.97746479 1.         0.9966611  0.99202552 0.99751037 1.
 0.99946352 0.95891003 0.99672874 0.98366903 0.96219282 1.
 0.99614644 0.97474747 0.79051546]

OA 0.9670255935073649 AA 0.9387624054100391 kappa 0.9629188577039948
[0.91690141 1.         0.4457429  0.99601276 0.99585062 1.
 0.99892704 0.95054787 0.99949673 0.98911268 0.90548204 1.
 0.99036609 0.96969697 0.92329897]

OA 0.9812442087101 AA 0.9842404703181764 kappa 0.9788973244888025
[0.9943662  0.99937441 0.99833055 0.99760766 0.99958506 0.99970777
 0.99892704 0.96410035 0.99874182 0.98421339 0.94517958 1.
 1.         0.98821549 0.89525773]

OA 0.9730645109754928 AA 0.9680355713445097 kappa 0.9697004501816083
[0.97746479 0.99812324 0.95158598 0.99202552 0.99128631 1.
 0.99678112 0.95213379 0.99949673 0.96733805 0.82797732 1.
 0.99421965 0.97643098 0.8956701 ]

OA 0.9730006070869412 AA 0.9733409964006431 kappa 0.969645838199253
[0.9971831  1.         0.97662771 0.99760766 0.99087137 1.
 0.99839056 0.94031142 0.99974836 0.98421339 0.85255198 1.
 0.99421965 0.97643098 0.89195876]

OA 0.9701249321021184 AA 0.9617382113123862 kappa 0.9664050662923361
[0.98450704 0.99843603 0.75292154 1.         0.99958506 1.
 0.99892704 0.93843714 0.99974836 0.9793141  0.93761815 1.
 0.97687861 0.95454545 0.90515464]



