OA 0.9643735821324727 AA 0.9406637384965213 kappa 0.959895385112726
[0.75211268 0.99874883 0.99833055 0.9984051  0.99626556 1.
 1.         0.94910611 1.         0.96298312 0.80718336 1.
 0.92870906 0.82491582 0.89319588]

OA 0.9604115410422724 AA 0.9193382589073481 kappa 0.9553499400156114
[0.91126761 0.99655927 0.97161937 1.         0.98962656 1.
 1.         0.96395617 0.99823855 0.96570495 0.25519849 1.
 0.9344894  0.94444444 0.85896907]

OA 0.956289740230693 AA 0.9090857379048473 kappa 0.9506445582007234
[0.65633803 1.         0.99499165 0.99681021 0.99792531 1.
 1.         0.97520185 0.99748364 0.92977681 0.46502836 0.99902629
 0.84585742 0.94444444 0.83340206]

OA 0.9285235006550149 AA 0.8368400097949272 kappa 0.9189973494378294
[0.92394366 1.         0.98664441 0.99760766 0.99958506 1.
 0.99946352 0.9865917  0.99773528 0.95046271 0.2362949  1.
 0.01348748 0.86531987 0.59546392]

OA 0.955299229958143 AA 0.9041156815740566 kappa 0.9495917351040744
[0.63239437 1.         0.9966611  0.99362041 0.99751037 1.
 0.99946352 0.96006344 0.99748364 0.99074578 0.4026465  1.
 0.75722543 0.98484848 0.84907216]

OA 0.9190657251493753 AA 0.7891960397432645 kappa 0.9086956979529573
[0.41830986 0.99968721 0.3639399  0.9984051  0.99585062 1.
 1.         0.94189735 0.99823855 0.9139902  0.41398866 1.
 0.00385356 0.9023569  0.88742268]

OA 0.9472792919449149 AA 0.8838750937826038 kappa 0.9404354701808579
[0.17605634 0.99906162 0.99165275 0.99920255 0.99917012 1.
 1.         0.97159746 0.99698037 0.93957539 0.37240076 1.
 0.98843931 0.98316498 0.84082474]

OA 0.956129980509314 AA 0.9051359065491474 kappa 0.9505755346775651
[0.92957746 0.99968721 0.95325543 0.99362041 0.98381743 1.
 0.99946352 0.94016724 0.99874182 0.94937398 0.11342155 1.
 0.92100193 0.85016835 0.94474227]

OA 0.960475444930824 AA 0.9340881879772129 kappa 0.9554949086567527
[0.91126761 1.         0.98831386 0.99920255 0.98921162 1.
 0.99946352 0.94651096 0.99874182 0.89003811 0.48582231 1.
 0.91522158 0.98484848 0.90268041]

OA 0.9435409144646452 AA 0.8727236764628948 kappa 0.9362905086776226
[0.94084507 0.99968721 0.81803005 0.99920255 0.99958506 1.
 0.99892704 0.94261822 0.99924509 0.85465433 0.30623819 1.
 0.522158   0.79461279 0.91505155]
