OA 0.8988401444227881 AA 0.881136878208935 kappa 0.8859683838036512
[0.96478873 0.96183922 0.9115192  0.98245614 0.90124481 1.
 0.9860515  0.90239331 0.9886764  0.53511159 0.59357278 0.94741967
 0.87475915 0.97979798 0.68742268]

OA 0.9071476499344985 AA 0.8744464514860596 kappa 0.8951582668679893
[0.79859155 0.96715671 0.9115192  0.99282297 0.94813278 0.99941555
 0.99517167 0.91363899 0.99622547 0.60315732 0.4536862  0.99318403
 0.86512524 0.98484848 0.69402062]

OA 0.891842668626386 AA 0.8685188934327704 kappa 0.8781099984763224
[0.73521127 0.97747889 0.93489149 0.98086124 0.95228216 1.
 0.99034335 0.8767301  0.97131354 0.54491018 0.53119093 0.96299903
 0.9017341  0.98989899 0.67793814]

OA 0.8711058567913857 AA 0.824900152422486 kappa 0.8537961901736092
[0.88309859 0.96434157 0.94824708 0.90031898 0.90746888 1.
 0.99463519 0.9421857  0.98817313 0.53946652 0.268431   0.95715677
 0.78034682 0.95117845 0.34845361]

OA 0.9138256062881427 AA 0.9001488006053234 kappa 0.9029407619043589
[0.94507042 0.99812324 0.94490818 0.97527911 0.93568465 0.99824664
 0.99624464 0.91335063 0.98288878 0.54872074 0.66351607 0.95520935
 0.92100193 0.99326599 0.73072165]

OA 0.8471418985845288 AA 0.7673643722391293 kappa 0.8275773677172452
[0.50140845 0.80137629 0.16193656 0.98883573 0.92240664 0.99678551
 0.9973176  0.86908881 0.92601912 0.60152422 0.63137996 0.91431353
 0.46435453 0.96464646 0.76907216]

OA 0.896188133047896 AA 0.8734623745026292 kappa 0.8829378117359692
[0.84929577 0.99593369 0.84140234 0.94657097 0.97925311 0.99853887
 0.99517167 0.87874856 0.99974836 0.48611867 0.55765595 0.98247322
 0.93834297 0.99494949 0.65773196]

OA 0.8895740805828035 AA 0.8223802508893052 kappa 0.8753251320308402
[0.80704225 0.99124179 0.62437396 0.93301435 0.89792531 0.99912332
 0.98873391 0.90441176 0.99043785 0.48829614 0.23440454 0.94352483
 0.77842004 0.94444444 0.81030928]

OA 0.8836629708917788 AA 0.8488913632682508 kappa 0.8690341238017026
[0.62112676 0.97341257 0.93489149 0.9553429  0.95684647 1.
 0.99034335 0.852797   0.98666331 0.56015242 0.42155009 0.9805258
 0.84971098 0.96464646 0.68536082]

OA 0.8884557625331502 AA 0.8419004869109288 kappa 0.8744681122436274
[0.6056338  0.96121364 0.55592654 0.9122807  0.98713693 1.
 0.99248927 0.85366205 0.99949673 0.4458356  0.77882798 0.96689387
 0.74566474 0.95622896 0.86721649]

