OA 0.9820110553727194 AA 0.9840589893683628 kappa 0.979740330533722
[1.         1.         0.99833055 0.99601276 0.99958506 1.
 1.         0.98068051 1.         0.97060425 0.98109641 1.
 1.         0.97643098 0.85814433]  # 4

OA 0.9810205451001693 AA 0.9722196505695055 kappa 0.9786276155007042
[1.         0.99968721 0.97495826 1.         0.99253112 1.
 1.         0.9772203  1.         0.98747959 0.85066163 1.
 0.91522158 0.98821549 0.89731959]  # 0

OA 0.9913729750455316 AA 0.9865321610722902 kappa 0.9902902143594277
[1.         1.         0.96327212 0.99760766 0.99917012 1.
 1.         0.99509804 0.99974836 0.97278171 0.95652174 0.99805258
 0.98843931 0.97306397 0.9542268 ] # 2

OA 0.9523596510847685 AA 0.9511012156145243 kappa 0.9460361926851032
[1.         1.         1.         1.         0.99958506 1.
 1.         0.99134948 0.99949673 0.99782254 0.88657845 1.
 0.96917148 0.97138047 0.45113402] # 7

OA 0.975716522350385 AA 0.9836072881782737 kappa 0.972669180488197
[1.         1.         1.         0.99441786 1.         1.
 1.         0.95544983 0.99924509 0.98856832 0.99810964 1.
 1.         0.98821549 0.83010309] # 9

OA 0.9764514170687286 AA 0.9423973347069772 kappa 0.973520343062195
[0.99577465 1.         0.34390651 0.9984051  0.99792531 1.
 0.99946352 0.97361592 1.         0.98639085 0.93761815 1.
 0.99421965 0.92760943 0.98103093] # 10

OA 0.9895517142218104 AA 0.9919663524705827 kappa 0.9882428927300704
[1.         0.99968721 1.         1.         0.99917012 0.99970777
 1.         0.98428489 0.99974836 0.98421339 1.         1.
 1.         0.98484848 0.92783505] # 11

OA 0.9857174809087133 AA 0.9781249289142327 kappa 0.9839202744600579
[1.         1.         0.99165275 0.99122807 0.993361   1.
 1.         0.98615917 1.         0.98856832 0.84877127 1.
 0.97109827 0.97979798 0.92123711] # 13

OA 0.976227753458798 AA 0.9744591418496741 kappa 0.9732815011413972
[1.         1.         0.99499165 1.         0.993361   1.
 1.         0.93901384 1.         0.9793141  0.80529301 1.
 0.99421965 0.96801347 0.94268041] # 15

OA 0.9781768220596223 AA 0.972523973905711 kappa 0.9754664068162748
[1.         1.         0.76627713 1.         0.99958506 1.
 1.         0.95400807 1.         0.98040283 0.9905482  1.
 0.99036609 0.97306397 0.93360825] # 17

