OA 0.9088411029811164 AA 0.8946142223172365 kappa 0.8972236666276293
[0.97605634 0.97841727 0.90651085 0.98325359 0.91701245 1.
 0.98819742 0.90671857 0.98842476 0.60370169 0.6710775  0.97468354
 0.86127168 0.97811448 0.6857732 ]

OA 0.9121641051858006 AA 0.8755977102203724 kappa 0.9008988687328221
[0.8056338  0.97654051 0.87145242 0.99521531 0.94771784 0.99941555
 0.9973176  0.90426759 0.99597383 0.68481219 0.45557656 0.97663096
 0.80924855 0.97643098 0.73773196]

OA 0.901044828577819 AA 0.8753091463909388 kappa 0.8885215900862162
[0.77746479 0.99030341 0.93322204 0.98325359 0.95809129 1.
 0.99356223 0.88249712 0.97408153 0.61023408 0.51228733 0.96494645
 0.86127168 0.98821549 0.70020619]

OA 0.8819056139566093 AA 0.8323275765112176 kappa 0.8661281661810852
[0.89859155 0.98217079 0.90984975 0.91706539 0.92780083 1.
 0.99678112 0.93713956 0.99370911 0.61295591 0.23440454 0.96105161
 0.76300578 0.95286195 0.39752577]

OA 0.9148161165606927 AA 0.9007779925068132 kappa 0.9041298595168886
[0.93943662 0.99874883 0.94824708 0.97049442 0.94605809 0.99883109
 0.99785408 0.89590542 0.9816306  0.62221013 0.68241966 0.95910419
 0.83815029 0.98989899 0.74268041]

OA 0.8573665207527879 AA 0.7811730364477126 kappa 0.8391600476932846
[0.51126761 0.82577416 0.15859766 0.98724083 0.92821577 0.99620105
 0.99839056 0.87701845 0.91394061 0.68481219 0.63516068 0.90555015
 0.54720617 0.96801347 0.78020619]

OA 0.9035051282870563 AA 0.8786421769655134 kappa 0.8912069075048936
[0.82253521 0.99624648 0.83973289 0.94178628 0.98215768 0.99912332
 0.99678112 0.88811995 0.99949673 0.53674469 0.57655955 0.98149951
 0.93063584 0.9983165  0.68989691]

OA 0.8912994855736972 AA 0.8269968169155651 kappa 0.8773896028433135
[0.79577465 0.990929   0.62437396 0.94019139 0.90871369 1.
 0.99195279 0.89446367 0.98691495 0.50517148 0.24385633 0.94644596
 0.7822736  0.96296296 0.83092784]

OA 0.8929609866760393 AA 0.8589462774880374 kappa 0.8796004203786428
[0.62535211 0.97810447 0.95993322 0.9569378  0.95850622 1.
 0.99463519 0.84976932 0.98842476 0.64126293 0.43667297 0.98247322
 0.79576108 0.98316498 0.73319588]

OA 0.8974023069303767 AA 0.85430752896251 kappa 0.8845713039313569
[0.59859155 0.97747889 0.63772955 0.92424242 0.98755187 1.
 0.99463519 0.85481546 0.99924509 0.50081655 0.75425331 0.9707887
 0.79190751 0.93265993 0.88989691]

